36400622
47080240
93369255
45449828
78626647
8166247
65230617
2525443
42158246
7260307
73559420
64610845
29602711
53332574
99382646
19354467
29047569
8957824
25787582
22408143
37177454
37811899
9551504
27474015
90722442
90335246
95045232
42516664
80152752
2988347
50820134
436409
8579171
80560098
91217172
99692525
11750797
34656883
54399031
66672743
5737324
96898122
44934416
92330221
28584977
30051533
69254499
84472012
38950917
90360561
16656056
4812179
61163522
40383531
812268
10158825
11191295
8306143
37032334
32734320
38042020
25258182
31042665
87940909
2336259
82146633
660721
13666679
94205167
88606326
76179585
89349918
38614181
96800043
90393260
85135130
92067521
80907754
67863411
32871467
64501321
21752499
42432014
62922986
42986548
40178523
96202640
46004573
44794485
70681172
42829500
12319359
22780233
27385777
63977403
92009508
14007501
20887276
82506961
85779458